1111111111111111111111111111111111111111111
1799999999999999999111119999999999999999971
1911111191111111119111119111111111911111191
1910000191000000019111119100000001910000191
1910000191000000019111119100000001910000191
1910000191000000019111119100000001910000191
1910000191000000019111119100000001910000191
1910000191000000019111119100000001910000191
1910000191000000019111119100000001910000191
1911111191111111119111119111111111911111191
1999999999999999999999999999999999999999991
1911111191111119111111111119111111911111191
1910000191000019100000000019100001910000191
1910000191000019100000000019100001910000191
1911111191000019111100011119100001911111191
1999999991000019999100019999100001999999991
1111111191000011119100019111100001911111111
0000000191000000019100019100000001910000000
0000000191000011119111119111100001910000000
0000000191000019999999999999100001910000000
0000000191000019191118111919100001910000000
0000000191000019191118111919100001910000000
0000000191000019191000001919100001910000000
0000000191000019191000001919100001910000000
0000000191111119191000001919111111910000000
0000000199999999991000001999999999910000000
0000000191111119111111111119111111910000000
0000000191000019111111111119100001910000000
0000000191000019999999999999100001910000000
0000000191000019111111111119100001910000000
0000000191000019111111111119100001910000000
0000000191000019999999999999100001910000000
1111111191111119111111111119111111911111111
1999999999999999100000000019999999999999991
1911111191111119100000000019111111911111191
1911111191000019111100011119100001911111191
1999999991000019999100019999100001999999991
1119111191000011119100019111100001911119111
1999999991000000019100019100000001999999991
1911111191000000019111119100000001911111191
1799999991000000019999999100000001999999971
1111111111111111111111111111111111111111111
